2
asd
0
Computer
2
1
15
6
121
23
10
11
10
12
10
23
10
24
10
25
10
12
4
11
2
28
2
12
2
30
0
31
10
12
10
33
10
11
10
12
10
36
10
12
2
38
1
12
4
11
2
41
0
42
10
43
10
44
10
11
10
46
10
47
10
48
0
49
0
50
1
51
0
52
0
53
10
54
10
55
10
56
10
57
10
58
10
59
0
60
1
61
0
62
0
63
0
64
10
65
10
11
10
67
10
68
10
69
10
70
0
71
2
72
0
73
0
74
0
75
10
76
10
12
10
78
10
79
10
80
10