2
asd
0
Computer
3
1
24
6
121
22
10
11
10
12
10
23
10
24
10
25
10
12
4
11
2
28
2
12
2
30
0
31
10
12
10
33
10
11
10
12
10
36
10
12
2
38
2
12
4
11
2
41
0
42
10
43
10
12
10
11
10
46
10
47
10
12
2
49
2
50
2
51
0
52
0
53
10
11
10
12
10
12
10
57
10
58
10
59
2
12
4
11
2
62
1
63
0
64
10
65
10
11
10
67
10
11
10
69
10
70
0
71
2
72
1
11
2
74
0
75
10
76
10
12
10
78
10
79
10
80
10