2
asd
0
Computer
6
1
31
6
121
19
10
11
10
12
10
23
10
11
10
25
10
12
4
11
2
28
2
12
4
12
2
12
10
12
10
33
10
11
10
12
10
36
10
12
2
38
1
12
4
11
2
41
0
42
10
43
10
44
10
11
10
46
10
47
10
48
0
49
0
50
2
12
2
52
0
53
10
54
10
55
10
56
10
11
10
58
10
59
0
60
2
12
2
12
4
11
1
64
10
65
10
11
10
67
10
11
10
69
10
12
2
12
4
11
2
11
4
12
2
12
10
76
10
12
10
78
10
12
10
80
10